"No.";"Name";"Time (ms)";"Timegap (ms)";"Duration";"Gaze X";"Gaze Y";"Pupil Diameter Left (mm)";"Pupil Diameter Right (mm)";"AOI"
"1";"P7";"117";"0";"1409";"291";"130";"3,83";"3,79";"-"
"2";"P7";"1550";"1432";"916";"592";"92";"3,87";"3,72";"-"
"3";"P7";"2489";"939";"1033";"900";"94";"3,71";"3,63";"-"
"4";"P7";"3546";"1057";"258";"1177";"113";"3,93";"3,82";"-"
"5";"P7";"3945";"399";"188";"1260";"163";"3,96";"3,85";"-"
"6";"P7";"4156";"211";"352";"1101";"117";"3,9";"4,06";"-"
"7";"P7";"4532";"376";"775";"1450";"94";"4,01";"3,77";"-"
"8";"P7";"5377";"845";"751";"293";"168";"3,95";"4,11";"-"
"9";"P7";"6152";"775";"681";"651";"181";"4,09";"3,88";"-"
"10";"P7";"6857";"704";"517";"915";"194";"4,15";"3,96";"-"
"11";"P7";"7397";"540";"1198";"1283";"185";"4,12";"3,98";"-"
"12";"P7";"8618";"1221";"329";"1507";"175";"4,14";"4,06";"-"
"13";"P7";"8993";"376";"822";"355";"271";"4,19";"4,35";"-"
"14";"P7";"9839";"845";"869";"684";"270";"4,12";"4,17";"-"
"15";"P7";"10731";"892";"399";"852";"294";"4,17";"4,3";"-"
"16";"P7";"11154";"423";"916";"1162";"273";"4,24";"4,12";"-"
"17";"P7";"12093";"939";"963";"1352";"258";"3,96";"3,88";"-"
"18";"P7";"13079";"986";"657";"1607";"247";"3,9";"3,95";"-"
"19";"P7";"13784";"704";"141";"395";"335";"4,15";"4,12";"-"
"20";"P7";"13948";"164";"657";"347";"339";"3,99";"4,15";"-"
"21";"P7";"14629";"681";"1456";"708";"352";"4,04";"3,87";"-"
"22";"P7";"16108";"1479";"869";"1087";"345";"3,95";"3,83";"-"
"23";"P7";"17141";"1033";"399";"1063";"396";"3,72";"3,56";"-"
"24";"P7";"17564";"423";"1080";"1328";"332";"3,77";"3,63";"-"
"25";"P7";"18668";"1104";"1104";"1512";"340";"4,15";"3,95";"-"
"26";"P7";"19818";"1151";"141";"372";"422";"4,24";"4,46";"-"
"27";"P7";"19983";"164";"1174";"381";"425";"4,4";"4,36";"-"
"28";"P7";"21180";"1198";"1057";"695";"430";"3,98";"3,79";"-"
"29";"P7";"22260";"1080";"564";"1020";"425";"3,96";"3,82";"-"
"30";"P7";"22847";"587";"728";"1240";"420";"3,98";"3,69";"-"
"31";"P7";"23599";"751";"470";"1533";"391";"3,95";"3,77";"-"
"32";"P7";"24209";"611";"869";"373";"489";"3,95";"3,88";"-"
"33";"P7";"25102";"892";"587";"606";"499";"4,01";"3,82";"-"
"34";"P7";"25712";"611";"751";"421";"491";"3,87";"3,61";"-"
"35";"P7";"26487";"775";"869";"584";"492";"3,79";"3,69";"-"
"36";"P7";"27379";"892";"235";"833";"492";"3,87";"3,82";"-"
"37";"P7";"27755";"376";"517";"1014";"531";"3,83";"3,82";"-"
"38";"P7";"28295";"540";"423";"1209";"511";"3,82";"3,64";"-"
"39";"P7";"28741";"446";"986";"1487";"480";"0";"3,67";"-"
"40";"P7";"29798";"1057";"1010";"338";"583";"4,09";"4,04";"-"
"41";"P7";"30831";"1033";"939";"694";"578";"3,99";"3,72";"-"
"42";"P7";"31794";"963";"775";"1037";"574";"3,77";"3,59";"-"
"43";"P7";"32592";"798";"258";"1317";"559";"3,93";"3,8";"-"
"44";"P7";"32874";"282";"282";"964";"569";"3,88";"3,72";"-"
"45";"P7";"33179";"305";"141";"1241";"852";"3,71";"3,64";"-"
"46";"P7";"33343";"164";"446";"1364";"550";"0";"3,56";"-"
"47";"P7";"33837";"493";"657";"373";"625";"3,58";"3,56";"-"
"48";"P7";"34518";"681";"751";"670";"645";"3,85";"3,77";"-"
"49";"P7";"35292";"775";"916";"1039";"650";"4,11";"3,85";"-"
"50";"P7";"36232";"939";"564";"1430";"640";"3,98";"3,96";"-"
"51";"P7";"36819";"587";"164";"1618";"641";"3,85";"3,74";"-"
"52";"P7";"37030";"211";"1456";"382";"703";"3,75";"3,56";"-"
"53";"P7";"38509";"1479";"564";"807";"713";"4,03";"3,85";"-"
"54";"P7";"39096";"587";"188";"909";"724";"4,07";"3,8";"-"
"55";"P7";"39308";"211";"1010";"813";"722";"3,95";"3,87";"-"
"56";"P7";"40341";"1033";"869";"1209";"708";"3,82";"3,69";"-"
"57";"P7";"41233";"892";"1996";"1361";"709";"3,74";"3,59";"-"
"58";"P7";"43253";"2019";"141";"1473";"717";"3,85";"3,85";"-"
"59";"P7";"43440";"188";"963";"346";"789";"3,98";"3,85";"-"
"60";"P7";"44427";"986";"493";"555";"784";"4,06";"3,91";"-"
"61";"P7";"44943";"517";"376";"930";"788";"3,9";"3,75";"-"
"62";"P7";"45342";"399";"470";"1065";"785";"3,98";"3,82";"-"
"63";"P7";"45836";"493";"235";"742";"797";"4,01";"4,01";"-"
"64";"P7";"46094";"258";"1268";"1107";"791";"4,01";"3,79";"-"
"1";"P8";"0";"0";"117";"1032";"200";"2,78";"2,71";"-"
"2";"P8";"141";"141";"399";"338";"194";"2,78";"2,79";"-"
"3";"P8";"564";"423";"587";"330";"111";"2,74";"2,66";"-"
"4";"P8";"1174";"611";"775";"676";"143";"2,94";"2,86";"-"
"5";"P8";"1972";"798";"540";"1006";"134";"2,9";"2,71";"-"
"6";"P8";"2536";"564";"916";"1374";"124";"3";"2,74";"-"
"7";"P8";"3499";"963";"376";"274";"208";"3,1";"2,98";"-"
"8";"P8";"3921";"423";"117";"1351";"143";"3,45";"3,02";"-"
"9";"P8";"4062";"141";"164";"1538";"137";"3,18";"2,87";"-"
"10";"P8";"4274";"211";"657";"347";"216";"3,24";"3,13";"-"
"11";"P8";"4955";"681";"564";"715";"237";"3,13";"3";"-"
"12";"P8";"5542";"587";"376";"981";"224";"3,16";"2,92";"-"
"13";"P8";"5941";"399";"164";"1198";"192";"2,98";"2,69";"-"
"14";"P8";"6129";"188";"141";"1247";"300";"0";"2,69";"-"
"15";"P8";"6293";"164";"611";"1342";"176";"2,95";"2,81";"-"
"16";"P8";"6927";"634";"211";"1529";"185";"2,81";"2,6";"-"
"17";"P8";"7185";"258";"681";"342";"259";"2,84";"2,86";"-"
"18";"P8";"7890";"704";"470";"513";"302";"3,18";"3,06";"-"
"19";"P8";"8383";"493";"423";"813";"309";"3,24";"2,98";"-"
"20";"P8";"8829";"446";"611";"1242";"292";"3,29";"3,05";"-"
"21";"P8";"9463";"634";"493";"1583";"256";"3,06";"2,82";"-"
"22";"P8";"10027";"564";"634";"292";"353";"2,84";"2,84";"-"
"23";"P8";"10684";"657";"611";"672";"368";"3,19";"2,94";"-"
"24";"P8";"11318";"634";"657";"1123";"351";"3,11";"2,82";"-"
"25";"P8";"11999";"681";"822";"1455";"331";"2,82";"2,6";"-"
"26";"P8";"12844";"845";"141";"1626";"303";"3";"2,82";"-"
"27";"P8";"13056";"211";"611";"334";"446";"2,95";"2,82";"-"
"28";"P8";"13690";"634";"681";"650";"421";"2,94";"2,69";"-"
"29";"P8";"14394";"704";"517";"1004";"427";"2,95";"2,79";"-"
"30";"P8";"14934";"540";"517";"1432";"411";"3,06";"2,81";"-"
"31";"P8";"15498";"564";"1385";"392";"506";"2,95";"2,86";"-"
"32";"P8";"16907";"1409";"892";"643";"512";"3,26";"3,13";"-"
"33";"P8";"17822";"916";"587";"985";"501";"3,06";"2,95";"-"
"34";"P8";"18433";"611";"939";"1457";"476";"3,03";"2,79";"-"
"35";"P8";"19396";"963";"117";"1640";"465";"2,95";"2,89";"-"
"36";"P8";"19583";"188";"704";"330";"588";"3,05";"2,98";"-"
"37";"P8";"20311";"728";"634";"510";"625";"3,13";"2,92";"-"
"38";"P8";"20969";"657";"1033";"865";"585";"3,05";"2,9";"-"
"39";"P8";"22025";"1057";"681";"1288";"555";"3,14";"2,86";"-"
"40";"P8";"22730";"704";"164";"1496";"546";"3,1";"2,82";"-"
"41";"P8";"22941";"211";"1127";"400";"645";"3,06";"2,94";"-"
"42";"P8";"24092";"1151";"587";"762";"647";"2,95";"2,79";"-"
"43";"P8";"24890";"798";"470";"583";"607";"0";"2,79";"-"
"44";"P8";"25383";"493";"704";"964";"643";"3,05";"2,9";"-"
"45";"P8";"26111";"728";"657";"1425";"618";"2,92";"2,71";"-"
"46";"P8";"26792";"681";"211";"1644";"619";"2,92";"2,79";"-"
"47";"P8";"27074";"282";"916";"374";"735";"2,95";"2,81";"-"
"48";"P8";"28013";"939";"845";"900";"728";"3,02";"2,79";"-"
"49";"P8";"28882";"869";"611";"1248";"710";"3,18";"2,92";"-"
"50";"P8";"29516";"634";"282";"1484";"670";"3,05";"2,74";"-"
"51";"P8";"29845";"329";"986";"408";"804";"3,11";"3";"-"
"52";"P8";"31254";"1409";"704";"1030";"784";"0";"2,94";"-"
