"No.";"Name";"Time (ms)";"Timegap (ms)";"Duration";"Gaze X";"Gaze Y";"Pupil Diameter Left (mm)";"Pupil Diameter Right (mm)";"AOI"
"1";"P8";"0";"0";"305";"747";"179";"2,86";"2,68";"-"
"2";"P8";"329";"329";"634";"272";"119";"2,95";"3";"-"
"3";"P8";"1033";"704";"188";"365";"170";"0";"2,76";"-"
"4";"P8";"1245";"211";"1033";"503";"147";"2,95";"2,84";"-"
"5";"P8";"2301";"1057";"939";"835";"175";"3,21";"3,11";"-"
"6";"P8";"3264";"963";"446";"1140";"157";"3,38";"3,08";"-"
"7";"P8";"3734";"470";"352";"1345";"131";"3,08";"2,87";"-"
"8";"P8";"4133";"399";"681";"260";"184";"2,92";"2,82";"-"
"9";"P8";"4837";"704";"1104";"531";"231";"0";"3,03";"-"
"10";"P8";"5964";"1127";"1080";"990";"247";"3,18";"3,05";"-"
"11";"P8";"7068";"1104";"704";"1324";"222";"3,26";"3";"-"
"12";"P8";"7819";"751";"1198";"331";"271";"3,26";"3,16";"-"
"13";"P8";"9040";"1221";"117";"431";"313";"0";"2,82";"-"
"14";"P8";"9181";"141";"164";"486";"438";"0";"2,79";"-"
"15";"P8";"9369";"188";"282";"592";"279";"3,16";"2,97";"-"
"16";"P8";"9674";"305";"1033";"940";"306";"3,22";"3,02";"-"
"17";"P8";"10731";"1057";"681";"1249";"324";"3,32";"3,18";"-"
"18";"P8";"11576";"845";"704";"1388";"286";"0";"3,03";"-"
"19";"P8";"12328";"751";"1526";"351";"357";"3,16";"3,24";"-"
"20";"P8";"13877";"1550";"634";"696";"395";"3,43";"3,42";"-"
"21";"P8";"14535";"657";"986";"1096";"367";"3,24";"3,11";"-"
"22";"P8";"15545";"1010";"634";"1372";"332";"2,89";"2,73";"-"
"23";"P8";"16226";"681";"164";"419";"425";"3,08";"2,95";"-"
"24";"P8";"16413";"188";"751";"378";"416";"2,89";"2,89";"-"
"25";"P8";"17188";"775";"1245";"592";"416";"2,94";"2,81";"-"
"26";"P8";"18456";"1268";"986";"1056";"434";"3,05";"2,82";"-"
"27";"P8";"19466";"1010";"517";"1386";"423";"3,08";"2,92";"-"
"28";"P8";"20030";"564";"493";"348";"496";"3,03";"3";"-"
"29";"P8";"20687";"657";"446";"584";"499";"0";"2,9";"-"
"30";"P8";"21157";"470";"657";"875";"522";"3,3";"3,06";"-"
"31";"P8";"21838";"681";"611";"1229";"503";"3,32";"3,05";"-"
"32";"P8";"22472";"634";"376";"1484";"482";"3,21";"2,97";"-"
"33";"P8";"22918";"446";"775";"364";"573";"3,18";"3,08";"-"
"34";"P8";"23716";"798";"728";"516";"574";"3,16";"2,98";"-"
"35";"P8";"24468";"751";"517";"788";"577";"3,1";"2,87";"-"
"36";"P8";"25008";"540";"1010";"1155";"556";"2,82";"2,69";"-"
"37";"P8";"26041";"1033";"329";"1344";"541";"2,73";"2,58";"-"
"38";"P8";"26416";"376";"587";"303";"651";"2,61";"2,63";"-"
"39";"P8";"27050";"634";"141";"1270";"538";"3,13";"2,82";"-"
"40";"P8";"27215";"164";"352";"1452";"540";"3,06";"2,79";"-"
"41";"P8";"27614";"399";"751";"338";"648";"3,06";"2,95";"-"
"42";"P8";"28389";"775";"446";"713";"667";"3,21";"3,08";"-"
"43";"P8";"28859";"470";"611";"999";"675";"3,18";"2,89";"-"
"44";"P8";"29493";"634";"963";"1325";"623";"2,9";"2,73";"-"
"45";"P8";"30620";"1127";"1033";"305";"729";"2,81";"2,79";"-"
"46";"P8";"31676";"1057";"470";"607";"734";"3,06";"2,97";"-"
"47";"P8";"32663";"986";"681";"675";"727";"0";"3,03";"-"
"48";"P8";"33367";"704";"657";"1026";"714";"3";"2,92";"-"
"49";"P8";"34048";"681";"634";"1358";"698";"3,03";"2,81";"-"
"50";"P8";"34729";"681";"564";"334";"781";"2,89";"2,87";"-"
"51";"P8";"35339";"611";"329";"1338";"694";"3,22";"2,89";"-"
"52";"P8";"35715";"376";"1080";"345";"807";"3,05";"2,98";"-"
"53";"P8";"36819";"1104";"611";"545";"810";"2,92";"2,78";"-"
"54";"P8";"37453";"634";"1127";"928";"793";"3,16";"3,02";"-"
"55";"P8";"38603";"1151";"681";"1241";"769";"2,66";"2,53";"-"
"56";"P8";"39308";"704";"493";"1408";"772";"2,71";"2,61";"-"
"57";"P8";"39848";"540";"1245";"341";"850";"0";"2,82";"-"
"58";"P8";"41116";"1268";"446";"583";"856";"3,08";"3,02";"-"
"59";"P8";"41585";"470";"211";"460";"282";"3,11";"2,89";"-"
"1";"P9a";"0";"0";"1033";"344";"150";"3,55";"3,21";"-"
"2";"P9a";"1174";"1174";"258";"562";"243";"3,51";"2,98";"-"
"3";"P9a";"1456";"282";"728";"771";"129";"3,61";"3,27";"-"
"4";"P9a";"2395";"939";"235";"1076";"224";"3,55";"3,13";"-"
"5";"P9a";"2653";"258";"939";"930";"144";"3,83";"3,38";"-"
"6";"P9a";"3616";"963";"540";"1352";"134";"3,9";"3,26";"-"
"7";"P9a";"4368";"751";"963";"397";"213";"3,61";"3,27";"-"
"8";"P9a";"5354";"986";"352";"778";"248";"3,99";"3,42";"-"
"9";"P9a";"5729";"376";"963";"1175";"219";"4,09";"3,55";"-"
"10";"P9a";"6716";"986";"657";"1295";"201";"4,24";"3,59";"-"
"11";"P9a";"7514";"798";"775";"247";"281";"3,96";"3,48";"-"
"12";"P9a";"8453";"939";"681";"480";"337";"3,58";"3,19";"-"
"13";"P9a";"9275";"822";"188";"748";"357";"3,48";"3,06";"-"
"14";"P9a";"9486";"211";"986";"1105";"287";"3,79";"3,29";"-"
"15";"P9a";"10707";"1221";"634";"1446";"335";"3,22";"0";"-"
"16";"P9a";"11482";"775";"916";"272";"380";"3,21";"3,08";"-"
"17";"P9a";"12422";"939";"564";"436";"464";"0";"2,94";"-"
"18";"P9a";"13009";"587";"329";"698";"400";"3,55";"3,16";"-"
"19";"P9a";"13455";"446";"164";"992";"484";"3,74";"0";"-"
"20";"P9a";"13643";"188";"845";"1067";"367";"3,75";"3,19";"-"
"21";"P9a";"14676";"1033";"282";"1207";"460";"3,59";"3,14";"-"
"22";"P9a";"14981";"305";"376";"1433";"350";"3,87";"3,26";"-"
"23";"P9a";"15498";"517";"282";"285";"413";"3,45";"3,16";"-"
"24";"P9a";"15920";"423";"704";"319";"435";"3,43";"3,08";"-"
"25";"P9a";"16648";"728";"493";"690";"448";"3,63";"3,08";"-"
"26";"P9a";"17400";"751";"611";"837";"469";"3,42";"3,06";"-"
"27";"P9a";"18034";"634";"446";"1132";"490";"3,43";"3";"-"
"28";"P9a";"18668";"634";"493";"1226";"499";"3,45";"2,98";"-"
"29";"P9a";"19184";"517";"939";"1398";"406";"3,48";"2,92";"-"
"30";"P9a";"20311";"1127";"211";"1485";"487";"3,55";"3,05";"-"
"31";"P9a";"20593";"282";"751";"341";"484";"3,66";"3,32";"-"
"32";"P9a";"21368";"775";"681";"779";"505";"3,5";"3,08";"-"
"33";"P9a";"22072";"704";"352";"1094";"500";"3,58";"3,14";"-"
"34";"P9a";"22448";"376";"845";"1423";"525";"3,55";"3,16";"-"
"35";"P9a";"23458";"1010";"376";"247";"620";"0";"3,27";"-"
"36";"P9a";"23857";"399";"845";"633";"564";"3,59";"3,24";"-"
"37";"P9a";"24726";"869";"657";"1037";"568";"3,53";"3,14";"-"
"38";"P9a";"25595";"869";"493";"1370";"579";"3,37";"2,92";"-"
"39";"P9a";"26182";"587";"141";"305";"729";"0";"3,08";"-"
"40";"P9a";"26346";"164";"282";"285";"625";"3,08";"2,98";"-"
"41";"P9a";"26769";"423";"493";"519";"649";"3,19";"0";"-"
"42";"P9a";"27285";"517";"1432";"966";"628";"3,43";"3,06";"-"
"43";"P9a";"28741";"1456";"376";"1340";"627";"3,3";"2,94";"-"
"44";"P9a";"29328";"587";"399";"1346";"621";"3,42";"2,82";"-"
"45";"P9a";"29774";"446";"1104";"379";"678";"3,3";"3,13";"-"
"46";"P9a";"30901";"1127";"164";"705";"689";"3,48";"3,02";"-"
"47";"P9a";"31254";"352";"211";"823";"739";"0";"3,11";"-"
"48";"P9a";"31488";"235";"611";"884";"685";"3,46";"3,11";"-"
"49";"P9a";"32122";"634";"470";"1303";"716";"3,3";"2,92";"-"
"50";"P9a";"32780";"657";"540";"379";"751";"3,32";"3,06";"-"
"51";"P9a";"33343";"564";"587";"697";"735";"3,38";"3,05";"-"
"52";"P9a";"33954";"611";"704";"1225";"776";"3,55";"3,06";"-"
"53";"P9a";"34870";"916";"1198";"390";"802";"3,26";"2,97";"-"
"54";"P9a";"36091";"1221";"282";"529";"738";"3,35";"2,9";"-"
