"No.";"Name";"Time (ms)";"Timegap (ms)";"Duration";"Gaze X";"Gaze Y";"Pupil Diameter Left (mm)";"Pupil Diameter Right (mm)";"AOI"
"1";"P5";"0";"0";"329";"582";"175";"3,1";"3,03";"-"
"2";"P5";"352";"352";"704";"336";"105";"3,02";"3,22";"-"
"3";"P5";"1080";"728";"376";"772";"168";"2,81";"2,95";"-"
"4";"P5";"1479";"399";"352";"1078";"127";"3,03";"0";"-"
"5";"P5";"1855";"376";"258";"1455";"100";"3,05";"3,05";"-"
"6";"P5";"2160";"305";"775";"385";"177";"2,95";"0";"-"
"7";"P5";"2959";"798";"470";"334";"173";"2,89";"3,16";"-"
"8";"P5";"3452";"493";"399";"893";"217";"2,94";"3,06";"-"
"9";"P5";"4015";"564";"587";"1229";"210";"3,14";"0";"-"
"10";"P5";"4626";"611";"188";"1439";"193";"2,87";"3,03";"-"
"11";"P5";"4955";"329";"540";"382";"256";"2,92";"3,05";"-"
"12";"P5";"5518";"564";"305";"624";"270";"3";"3,05";"-"
"13";"P5";"5964";"446";"258";"885";"353";"2,86";"0";"-"
"14";"P5";"6246";"282";"376";"1083";"276";"2,94";"0";"-"
"15";"P5";"6645";"399";"376";"1424";"242";"3,16";"3,1";"-"
"16";"P5";"7162";"517";"117";"453";"301";"2,89";"3,08";"-"
"17";"P5";"7303";"141";"564";"357";"329";"2,87";"3,24";"-"
"18";"P5";"7890";"587";"423";"649";"341";"2,97";"3,14";"-"
"19";"P5";"8336";"446";"352";"1052";"407";"2,94";"3,02";"-"
"20";"P5";"8712";"376";"493";"1325";"307";"2,81";"2,9";"-"
"21";"P5";"9228";"517";"141";"1520";"313";"3";"2,87";"-"
"22";"P5";"9416";"188";"822";"383";"396";"3,02";"3,16";"-"
"23";"P5";"10402";"986";"423";"815";"452";"2,9";"0";"-"
"24";"P5";"10848";"446";"540";"1150";"402";"3,08";"2,97";"-"
"25";"P5";"11412";"564";"352";"1401";"407";"2,92";"3,06";"-"
"26";"P5";"11788";"376";"117";"694";"463";"2,98";"3,32";"-"
"27";"P5";"11929";"141";"564";"346";"468";"2,86";"3,16";"-"
"28";"P5";"12516";"587";"423";"828";"487";"2,71";"2,89";"-"
"29";"P5";"12962";"446";"446";"1098";"473";"2,68";"0";"-"
"30";"P5";"13431";"470";"423";"1487";"439";"2,65";"2,66";"-"
"31";"P5";"13877";"446";"117";"730";"530";"2,63";"0";"-"
"32";"P5";"14018";"141";"564";"330";"530";"2,71";"2,87";"-"
"33";"P5";"14605";"587";"517";"710";"545";"2,79";"2,89";"-"
"34";"P5";"15145";"540";"258";"1042";"545";"3,02";"2,89";"-"
"35";"P5";"15592";"446";"211";"1276";"605";"2,74";"0";"-"
"36";"P5";"16249";"657";"540";"319";"595";"2,58";"2,94";"-"
"37";"P5";"16813";"564";"493";"486";"614";"2,74";"3,06";"-"
"38";"P5";"17329";"517";"728";"942";"613";"2,79";"2,95";"-"
"39";"P5";"18081";"751";"587";"1339";"606";"2,79";"2,81";"-"
"40";"P5";"18832";"751";"845";"395";"691";"2,81";"2,9";"-"
"41";"P5";"19701";"869";"329";"637";"680";"2,78";"0";"-"
"42";"P5";"20053";"352";"775";"977";"681";"2,86";"3,02";"-"
"43";"P5";"20851";"798";"611";"1304";"687";"2,74";"2,86";"-"
"44";"P5";"21603";"751";"117";"458";"738";"2,63";"2,86";"-"
"45";"P5";"21744";"141";"611";"316";"736";"2,57";"2,73";"-"
"46";"P5";"22378";"634";"446";"810";"758";"2,68";"2,89";"-"
"47";"P5";"22847";"470";"1291";"1184";"739";"2,65";"2,74";"-"
"1";"P6";"0";"0";"305";"925";"221";"0";"3,19";"-"
"2";"P6";"329";"329";"164";"367";"160";"0";"3,3";"-"
"3";"P6";"517";"188";"939";"322";"100";"0";"3,16";"-"
"4";"P6";"1479";"963";"775";"787";"139";"0";"2,9";"-"
"5";"P6";"2278";"798";"634";"1079";"128";"0";"3,02";"-"
"6";"P6";"2935";"657";"822";"1406";"73";"0";"3,03";"-"
"7";"P6";"3804";"869";"1057";"286";"193";"0";"3,21";"-"
"8";"P6";"4884";"1080";"611";"556";"227";"0";"3,06";"-"
"9";"P6";"5518";"634";"657";"842";"261";"3,4";"3,27";"-"
"10";"P6";"6199";"681";"587";"1162";"211";"3,42";"3,3";"-"
"11";"P6";"6810";"611";"376";"1480";"140";"0";"3,18";"-"
"12";"P6";"7232";"423";"141";"390";"336";"0";"3,34";"-"
"13";"P6";"7397";"164";"986";"321";"297";"3,18";"3,38";"-"
"14";"P6";"8406";"1010";"1127";"655";"316";"3,3";"3,34";"-"
"15";"P6";"9557";"1151";"399";"1051";"294";"3,32";"3,29";"-"
"16";"P6";"9980";"423";"446";"1432";"223";"0";"3,06";"-"
"17";"P6";"10449";"470";"141";"1622";"211";"0";"2,97";"-"
"18";"P6";"10637";"188";"681";"310";"418";"0";"3,11";"-"
"19";"P6";"11341";"704";"657";"630";"397";"3,1";"2,95";"-"
"20";"P6";"12022";"681";"634";"1042";"348";"0";"2,79";"-"
"21";"P6";"12680";"657";"775";"1476";"284";"0";"2,76";"-"
"22";"P6";"13478";"798";"141";"1602";"284";"0";"3";"-"
"23";"P6";"13666";"188";"657";"282";"464";"3,05";"3,29";"-"
"24";"P6";"14347";"681";"517";"426";"440";"0";"3";"-"
"25";"P6";"14887";"540";"1479";"841";"458";"3,27";"2,98";"-"
"26";"P6";"16390";"1503";"916";"1216";"429";"3,13";"2,9";"-"
"27";"P6";"17329";"939";"305";"1456";"403";"3,16";"3,02";"-"
"28";"P6";"17681";"352";"1268";"347";"518";"3,02";"3,19";"-"
"29";"P6";"18973";"1291";"751";"678";"514";"2,89";"2,79";"-"
"30";"P6";"19748";"775";"446";"966";"512";"3,11";"2,92";"-"
"31";"P6";"20217";"470";"986";"1349";"468";"2,84";"2,66";"-"
"32";"P6";"21227";"1010";"1127";"1553";"429";"2,98";"2,98";"-"
"33";"P6";"22401";"1174";"211";"344";"607";"0";"2,98";"-"
"34";"P6";"22636";"235";"470";"307";"582";"2,73";"2,92";"-"
"35";"P6";"23129";"493";"611";"588";"578";"0";"2,73";"-"
"36";"P6";"23763";"634";"587";"1014";"569";"2,66";"2,69";"-"
"37";"P6";"24374";"611";"470";"1229";"557";"2,73";"2,61";"-"
"38";"P6";"24867";"493";"258";"1518";"530";"2,78";"2,92";"-"
"39";"P6";"25172";"305";"141";"470";"616";"0";"3,02";"-"
"40";"P6";"25336";"164";"540";"283";"649";"2,74";"2,81";"-"
"41";"P6";"25900";"564";"775";"438";"661";"2,87";"2,82";"-"
"42";"P6";"26698";"798";"423";"690";"658";"2,76";"2,74";"-"
"43";"P6";"27144";"446";"470";"545";"648";"2,71";"2,6";"-"
"44";"P6";"27638";"493";"376";"1031";"619";"2,61";"2,49";"-"
"45";"P6";"28037";"399";"634";"926";"633";"2,34";"2,42";"-"
"46";"P6";"28694";"657";"751";"1498";"583";"2,55";"2,29";"-"
"47";"P6";"29493";"798";"564";"319";"718";"0";"2,61";"-"
"48";"P6";"30103";"611";"164";"1404";"602";"0";"2,47";"-"
"49";"P6";"30291";"188";"188";"1536";"596";"0";"2,53";"-"
"50";"P6";"30526";"235";"845";"375";"737";"0";"2,57";"-"
"51";"P6";"31395";"869";"681";"825";"713";"2,87";"2,95";"-"
"52";"P6";"32099";"704";"1057";"1219";"701";"3,03";"2,89";"-"
"53";"P6";"33179";"1080";"141";"1435";"707";"2,78";"2,78";"-"
"54";"P6";"33343";"164";"188";"375";"778";"2,6";"2,82";"-"
"55";"P6";"33555";"211";"517";"325";"799";"0";"2,89";"-"
"56";"P6";"34095";"540";"634";"798";"786";"2,74";"2,74";"-"
"57";"P6";"34752";"657";"916";"1158";"770";"2,82";"2,79";"-"
"58";"P6";"35692";"939";"188";"914";"452";"2,78";"2,86";"-"
