"No.";"Name";"Time (ms)";"Timegap (ms)";"Duration";"Gaze X";"Gaze Y";"Pupil Diameter Left (mm)";"Pupil Diameter Right (mm)";"AOI"
"1";"P3";"0";"0";"329";"624";"161";"2,34";"2,49";"-"
"2";"P3";"352";"352";"798";"278";"76";"2,42";"2,71";"-"
"3";"P3";"1174";"822";"916";"609";"81";"0";"2,37";"-"
"4";"P3";"2113";"939";"798";"898";"83";"0";"2,61";"-"
"5";"P3";"3311";"1198";"329";"1322";"44";"0";"2,42";"-"
"6";"P3";"4039";"728";"1315";"354";"174";"0";"2,47";"-"
"7";"P3";"5377";"1338";"587";"691";"191";"0";"2,52";"-"
"8";"P3";"5988";"611";"798";"1027";"149";"0";"2,49";"-"
"9";"P3";"6880";"892";"1057";"1436";"149";"2,33";"0";"-"
"10";"P3";"8007";"1127";"611";"312";"240";"0";"2,47";"-"
"11";"P3";"8641";"634";"1104";"579";"242";"0";"2,44";"-"
"12";"P3";"9768";"1127";"1268";"839";"235";"0";"2,66";"-"
"13";"P3";"11060";"1291";"1198";"1265";"200";"2,31";"2,42";"-"
"14";"P3";"12281";"1221";"704";"1557";"206";"0";"2,34";"-"
"15";"P3";"13056";"775";"1550";"325";"307";"0";"2,45";"-"
"16";"P3";"14629";"1573";"634";"615";"317";"2,21";"2,39";"-"
"17";"P3";"15286";"657";"564";"877";"296";"2,1";"0";"-"
"18";"P3";"15873";"587";"470";"1070";"355";"0";"2,17";"-"
"19";"P3";"16366";"493";"775";"1416";"311";"2,15";"0";"-"
"20";"P3";"17165";"798";"376";"1575";"275";"2,21";"2,2";"-"
"21";"P3";"17611";"446";"399";"348";"397";"2,21";"0";"-"
"22";"P3";"18034";"423";"517";"283";"376";"0";"2,28";"-"
"23";"P3";"18715";"681";"305";"531";"410";"0";"2,34";"-"
"24";"P3";"19090";"376";"657";"855";"387";"2,21";"0";"-"
"25";"P3";"19795";"704";"798";"1282";"348";"0";"2,23";"-"
"26";"P3";"20640";"845";"211";"723";"417";"2,28";"0";"-"
"27";"P3";"20875";"235";"845";"357";"443";"2,31";"2,37";"-"
"28";"P3";"21744";"869";"446";"705";"459";"2,13";"2,36";"-"
"29";"P3";"22213";"470";"564";"1117";"444";"2,29";"2,37";"-"
"30";"P3";"22800";"587";"845";"1438";"445";"2,23";"2,39";"-"
"31";"P3";"23693";"892";"869";"328";"514";"2,13";"0";"-"
"32";"P3";"24585";"892";"1010";"658";"524";"2,15";"2,34";"-"
"33";"P3";"25618";"1033";"517";"989";"531";"2,39";"0";"-"
"34";"P3";"26158";"540";"1033";"1252";"520";"2,21";"0";"-"
"35";"P3";"27215";"1057";"329";"1454";"503";"0";"2,44";"-"
"36";"P3";"27591";"376";"869";"335";"608";"2,2";"2,28";"-"
"37";"P3";"28530";"939";"564";"703";"602";"2,18";"2,29";"-"
"38";"P3";"29117";"587";"657";"1024";"606";"2,21";"2,34";"-"
"39";"P3";"29798";"681";"1010";"1444";"589";"2,37";"0";"-"
"40";"P3";"30854";"1057";"751";"480";"682";"0";"2,44";"-"
"41";"P3";"31629";"775";"611";"838";"681";"2,13";"0";"-"
"42";"P3";"32287";"657";"587";"1370";"660";"0";"2,2";"-"
"43";"P3";"32921";"634";"141";"1525";"655";"2,09";"0";"-"
"44";"P3";"33132";"211";"423";"366";"752";"2,05";"2,28";"-"
"45";"P3";"33578";"446";"329";"652";"779";"2,21";"0";"-"
"46";"P3";"34024";"446";"869";"1088";"765";"0";"2,31";"-"
"47";"P3";"34964";"939";"235";"1106";"438";"0";"2,25";"-"
"1";"P9a";"0";"0";"117";"758";"222";"3,53";"3,11";"-"
"2";"P9a";"211";"211";"141";"243";"257";"3,29";"3,08";"-"
"3";"P9a";"493";"282";"399";"290";"217";"3,38";"3,08";"-"
"4";"P9a";"916";"423";"399";"456";"117";"3,61";"3,18";"-"
"5";"P9a";"1456";"540";"211";"713";"206";"3,79";"3,18";"-"
"6";"P9a";"1691";"235";"798";"853";"123";"3,72";"3,18";"-"
"7";"P9a";"2513";"822";"188";"1138";"120";"3,91";"3,29";"-"
"8";"P9a";"2888";"376";"1033";"1396";"146";"3,71";"3,06";"-"
"9";"P9a";"4086";"1198";"775";"310";"277";"3,46";"3,08";"-"
"10";"P9a";"5048";"963";"164";"510";"439";"3,5";"3,1";"-"
"11";"P9a";"5236";"188";"751";"647";"219";"3,55";"3,18";"-"
"12";"P9a";"6011";"775";"657";"1084";"210";"3,64";"3,21";"-"
"13";"P9a";"6692";"681";"704";"1431";"254";"3,59";"3,14";"-"
"14";"P9a";"7538";"845";"775";"306";"305";"3,59";"3,3";"-"
"15";"P9a";"8336";"798";"188";"524";"526";"3,61";"3,22";"-"
"16";"P9a";"8547";"211";"634";"691";"300";"3,59";"3,21";"-"
"17";"P9a";"9346";"798";"235";"925";"400";"3,71";"3,19";"-"
"18";"P9a";"9604";"258";"517";"862";"311";"3,96";"3,4";"-"
"19";"P9a";"10144";"540";"211";"1132";"313";"4,04";"3,35";"-"
"20";"P9a";"10520";"376";"211";"1276";"425";"3,85";"3,21";"-"
"21";"P9a";"10754";"235";"634";"1542";"268";"3,99";"3,34";"-"
"22";"P9a";"11553";"798";"869";"314";"363";"3,45";"3,3";"-"
"23";"P9a";"12445";"892";"704";"655";"366";"3,5";"3,08";"-"
"24";"P9a";"13173";"728";"798";"1045";"376";"3,71";"3,27";"-"
"25";"P9a";"13995";"822";"235";"1354";"362";"3,77";"3,21";"-"
"26";"P9a";"14371";"376";"517";"1450";"391";"3,69";"3,13";"-"
"27";"P9a";"15145";"775";"822";"1462";"344";"3,71";"3,16";"-"
"28";"P9a";"16155";"1010";"611";"265";"451";"3,45";"3,26";"-"
"29";"P9a";"16789";"634";"986";"437";"423";"3,53";"3,16";"-"
"30";"P9a";"17799";"1010";"141";"746";"434";"3,51";"3,02";"-"
"31";"P9a";"18104";"305";"517";"798";"465";"3,48";"3,05";"-"
"32";"P9a";"18644";"540";"352";"1041";"429";"3,4";"2,98";"-"
"33";"P9a";"19020";"376";"329";"1286";"415";"3,56";"3,03";"-"
"34";"P9a";"19560";"540";"423";"1373";"415";"3,5";"3,08";"-"
"35";"P9a";"20147";"587";"728";"324";"502";"3,35";"3,19";"-"
"36";"P9a";"21016";"869";"634";"717";"555";"0";"3,05";"-"
"37";"P9a";"21673";"657";"423";"939";"552";"3,59";"3,08";"-"
"38";"P9a";"22119";"446";"775";"1342";"500";"3,64";"3,22";"-"
"39";"P9a";"22918";"798";"141";"1575";"484";"3,51";"3,03";"-"
"40";"P9a";"23200";"282";"540";"255";"594";"3,34";"3,16";"-"
"41";"P9a";"23763";"564";"611";"449";"561";"3,64";"3,22";"-"
"42";"P9a";"24561";"798";"470";"818";"573";"3,5";"3,08";"-"
"43";"P9a";"25055";"493";"517";"1204";"565";"3,55";"3,06";"-"
"44";"P9a";"25595";"540";"728";"1454";"563";"3,4";"2,92";"-"
"45";"P9a";"26510";"916";"751";"288";"667";"3,42";"3,18";"-"
"46";"P9a";"27285";"775";"634";"660";"636";"3,45";"3,05";"-"
"47";"P9a";"27943";"657";"1033";"908";"597";"3,45";"3,11";"-"
"48";"P9a";"28999";"1057";"751";"1293";"631";"3,38";"2,94";"-"
"49";"P9a";"29774";"775";"164";"1561";"695";"3,24";"2,89";"-"
"50";"P9a";"30103";"329";"141";"316";"765";"3,21";"3,08";"-"
"51";"P9a";"30267";"164";"704";"374";"666";"3,51";"3,06";"-"
"52";"P9a";"30995";"728";"1338";"787";"672";"3,32";"2,84";"-"
"53";"P9a";"32357";"1362";"1573";"1025";"690";"3,42";"2,95";"-"
"54";"P9a";"34142";"1785";"728";"1369";"678";"4,97";"2,94";"-"
"55";"P9a";"34917";"775";"188";"650";"752";"3,43";"3,05";"-"
"56";"P9a";"35128";"211";"540";"335";"749";"3,3";"3,06";"-"
"57";"P9a";"35903";"775";"657";"617";"737";"3,34";"2,87";"-"
"58";"P9a";"36584";"681";"1080";"1017";"762";"3,34";"2,94";"-"
"59";"P9a";"37922";"1338";"117";"297";"323";"3,24";"3,06";"-"
"60";"P9a";"38063";"141";"117";"222";"143";"3,42";"3,14";"-"
"1";"P10";"0";"0";"329";"524";"180";"2,86";"3,06";"-"
"2";"P10";"352";"352";"517";"358";"110";"2,78";"2,95";"-"
"3";"P10";"892";"540";"423";"637";"102";"2,63";"0";"-"
"4";"P10";"1338";"446";"446";"1030";"97";"2,81";"0";"-"
"5";"P10";"1808";"470";"352";"1430";"94";"2,84";"2,9";"-"
"6";"P10";"2207";"399";"446";"389";"193";"3,11";"0";"-"
"7";"P10";"2677";"470";"517";"727";"218";"3,05";"3,37";"-"
"8";"P10";"3217";"540";"657";"1123";"208";"3";"3,14";"-"
"9";"P10";"3898";"681";"822";"1420";"190";"3,02";"3,14";"-"
"10";"P10";"4767";"869";"704";"436";"286";"3,02";"0";"-"
"11";"P10";"5495";"728";"399";"919";"273";"2,86";"2,9";"-"
"12";"P10";"5917";"423";"1080";"1294";"251";"2,82";"2,68";"-"
"13";"P10";"7021";"1104";"235";"1545";"255";"2,95";"3";"-"
"14";"P10";"7303";"282";"775";"317";"364";"2,97";"3,1";"-"
"15";"P10";"8101";"798";"587";"654";"363";"2,95";"3,08";"-"
"16";"P10";"8712";"611";"399";"1069";"344";"2,84";"3,08";"-"
"17";"P10";"9134";"423";"376";"1450";"310";"2,76";"2,73";"-"
"18";"P10";"9580";"446";"798";"430";"418";"2,84";"3,06";"-"
"19";"P10";"10402";"822";"493";"879";"418";"2,79";"3,06";"-"
"20";"P10";"10919";"517";"564";"1292";"407";"2,87";"2,78";"-"
"21";"P10";"11553";"634";"822";"487";"498";"2,84";"3,06";"-"
"22";"P10";"12398";"845";"775";"983";"495";"2,81";"2,92";"-"
"23";"P10";"13197";"798";"493";"1393";"481";"2,84";"2,92";"-"
"24";"P10";"13737";"540";"728";"349";"549";"2,81";"2,97";"-"
"25";"P10";"14488";"751";"564";"785";"565";"2,68";"2,71";"-"
"26";"P10";"15075";"587";"587";"1095";"560";"2,58";"2,57";"-"
"27";"P10";"15686";"611";"681";"1402";"561";"2,63";"2,65";"-"
"28";"P10";"16484";"798";"728";"393";"633";"2,71";"3,05";"-"
"29";"P10";"17235";"751";"493";"897";"644";"2,86";"2,82";"-"
"30";"P10";"17752";"517";"822";"1395";"608";"2,66";"2,73";"-"
"31";"P10";"18597";"845";"164";"1516";"614";"2,57";"2,71";"-"
"32";"P10";"18809";"211";"564";"375";"693";"2,55";"2,66";"-"
"33";"P10";"19396";"587";"446";"684";"709";"2,6";"2,69";"-"
"34";"P10";"19865";"470";"493";"1074";"698";"0";"2,66";"-"
"35";"P10";"20382";"517";"329";"1416";"701";"2,52";"2,65";"-"
"36";"P10";"20757";"376";"587";"405";"788";"0";"2,98";"-"
"37";"P10";"21368";"611";"775";"897";"794";"2,76";"2,86";"-"
"38";"P10";"22166";"798";"164";"1172";"777";"2,79";"2,84";"-"
"39";"P10";"22354";"188";"517";"835";"797";"2,87";"2,89";"-"
"40";"P10";"22894";"540";"704";"1128";"715";"2,69";"2,71";"-"
