"No.";"Name";"Time (ms)";"Timegap (ms)";"Duration";"Gaze X";"Gaze Y";"Pupil Diameter Left (mm)";"Pupil Diameter Right (mm)";"AOI"
"1";"P5";"0";"0";"305";"761";"259";"3";"3,11";"-"
"2";"P5";"329";"329";"1245";"302";"103";"2,89";"3,27";"-"
"3";"P5";"1597";"1268";"493";"647";"135";"2,98";"3,13";"-"
"4";"P5";"2113";"517";"540";"1023";"120";"3,02";"2,94";"-"
"5";"P5";"2677";"564";"258";"1444";"114";"2,82";"2,82";"-"
"6";"P5";"3146";"470";"211";"249";"125";"2,68";"0";"-"
"7";"P5";"3381";"235";"423";"622";"205";"2,89";"0";"-"
"8";"P5";"3827";"446";"446";"994";"197";"3,08";"3,18";"-"
"9";"P5";"4297";"470";"611";"1369";"169";"2,84";"2,98";"-"
"10";"P5";"4955";"657";"117";"573";"243";"2,81";"0";"-"
"11";"P5";"5095";"141";"916";"364";"261";"2,81";"0";"-"
"12";"P5";"6035";"939";"517";"663";"279";"3,08";"3,24";"-"
"13";"P5";"6575";"540";"352";"1022";"259";"3,06";"3,14";"-"
"14";"P5";"6950";"376";"517";"1422";"237";"2,82";"2,95";"-"
"15";"P5";"7538";"587";"892";"339";"327";"2,82";"3,26";"-"
"16";"P5";"8453";"916";"117";"675";"443";"3,3";"3,38";"-"
"17";"P5";"8735";"282";"329";"975";"393";"3,08";"0";"-"
"18";"P5";"9087";"352";"446";"1292";"336";"3,32";"3,3";"-"
"19";"P5";"9557";"470";"211";"1509";"330";"3,27";"3,35";"-"
"20";"P5";"9815";"258";"117";"565";"371";"3,18";"3,51";"-"
"21";"P5";"9956";"141";"517";"368";"410";"3,08";"3,5";"-"
"22";"P5";"10496";"540";"611";"762";"413";"3";"3,38";"-"
"23";"P5";"11130";"634";"423";"1240";"401";"3,13";"3,26";"-"
"24";"P5";"11576";"446";"282";"1529";"388";"3,06";"3,19";"-"
"25";"P5";"11905";"329";"117";"449";"463";"3,13";"3,27";"-"
"26";"P5";"12046";"141";"493";"311";"480";"3,02";"3,29";"-"
"27";"P5";"12563";"517";"164";"443";"593";"2,89";"3,19";"-"
"28";"P5";"12750";"188";"235";"539";"526";"2,84";"3,26";"-"
"29";"P5";"13009";"258";"141";"357";"467";"2,81";"3,13";"-"
"30";"P5";"13173";"164";"775";"873";"471";"3,03";"3,08";"-"
"31";"P5";"13971";"798";"352";"1332";"460";"2,81";"2,92";"-"
"32";"P5";"14371";"399";"611";"383";"530";"2,73";"3,05";"-"
"33";"P5";"15005";"634";"564";"716";"549";"2,86";"3";"-"
"34";"P5";"15592";"587";"657";"1154";"549";"2,97";"3,02";"-"
"35";"P5";"16273";"681";"963";"1383";"550";"2,76";"2,84";"-"
"36";"P5";"17541";"1268";"399";"298";"626";"2,73";"3,14";"-"
"37";"P5";"17963";"423";"564";"681";"633";"2,86";"3,02";"-"
"38";"P5";"18550";"587";"681";"1053";"627";"3,03";"2,89";"-"
"39";"P5";"19255";"704";"540";"1412";"621";"2,78";"2,95";"-"
"40";"P5";"19889";"634";"634";"322";"677";"2,76";"3,03";"-"
"41";"P5";"20546";"657";"305";"644";"768";"2,87";"2,95";"-"
"42";"P5";"20875";"329";"423";"794";"684";"2,74";"2,9";"-"
"43";"P5";"21321";"446";"751";"999";"690";"2,89";"2,95";"-"
"44";"P5";"22096";"775";"329";"1371";"675";"2,87";"3,06";"-"
"45";"P5";"22472";"376";"470";"402";"731";"2,76";"3,13";"-"
"46";"P5";"22965";"493";"446";"321";"762";"2,89";"3,08";"-"
"47";"P5";"23434";"470";"117";"652";"742";"2,79";"3,06";"-"
"48";"P5";"23787";"352";"164";"838";"812";"2,81";"2,82";"-"
"49";"P5";"23974";"188";"611";"1170";"763";"2,74";"2,9";"-"
"50";"P5";"24608";"634";"493";"1433";"705";"2,84";"2,73";"-"
"51";"P5";"25125";"517";"376";"1252";"333";"2,9";"2,89";"-"
"52";"P5";"25689";"564";"305";"729";"409";"0";"2,87";"-"
"1";"P6";"0";"0";"282";"775";"240";"0";"3,32";"-"
"2";"P6";"305";"305";"681";"319";"139";"0";"3,64";"-"
"3";"P6";"1010";"704";"376";"665";"147";"0";"3,03";"-"
"4";"P6";"1409";"399";"352";"930";"161";"0";"3,18";"-"
"5";"P6";"1785";"376";"634";"1328";"110";"0";"3,24";"-"
"6";"P6";"2466";"681";"188";"379";"222";"0";"3,3";"-"
"7";"P6";"2677";"211";"141";"264";"200";"0";"3,37";"-"
"8";"P6";"2841";"164";"399";"669";"249";"0";"3,26";"-"
"9";"P6";"3264";"423";"329";"960";"238";"3,4";"3,3";"-"
"10";"P6";"3616";"352";"681";"1359";"169";"3,38";"3,21";"-"
"11";"P6";"4344";"728";"822";"357";"326";"0";"3,22";"-"
"12";"P6";"5189";"845";"493";"638";"315";"0";"3,14";"-"
"13";"P6";"5706";"517";"634";"1109";"311";"3,53";"3,42";"-"
"14";"P6";"6363";"657";"352";"1494";"242";"3,46";"3,22";"-"
"15";"P6";"6763";"399";"141";"393";"411";"0";"3,37";"-"
"16";"P6";"6927";"164";"211";"273";"403";"0";"3,35";"-"
"17";"P6";"7162";"235";"939";"424";"386";"0";"3,38";"-"
"18";"P6";"8125";"963";"446";"640";"412";"3,61";"3,64";"-"
"19";"P6";"8594";"470";"399";"797";"408";"3,63";"3,63";"-"
"20";"P6";"9017";"423";"376";"395";"417";"3,56";"3,53";"-"
"21";"P6";"9416";"399";"235";"730";"411";"3,43";"3,69";"-"
"22";"P6";"9674";"258";"329";"1198";"388";"3,56";"3,48";"-"
"23";"P6";"10027";"352";"517";"580";"388";"3,37";"3,48";"-"
"24";"P6";"10567";"540";"423";"1178";"370";"3,24";"3,27";"-"
"25";"P6";"11013";"446";"423";"1449";"325";"3,37";"3,32";"-"
"26";"P6";"11482";"470";"117";"407";"500";"0";"3,24";"-"
"27";"P6";"11623";"141";"305";"304";"470";"3,21";"3,27";"-"
"28";"P6";"11952";"329";"399";"553";"493";"3,29";"3,08";"-"
"29";"P6";"12375";"423";"446";"942";"467";"3,34";"3,16";"-"
"30";"P6";"12844";"470";"564";"1086";"463";"3,45";"3,29";"-"
"31";"P6";"13431";"587";"611";"1504";"413";"3,5";"3,26";"-"
"32";"P6";"14089";"657";"141";"402";"546";"3,29";"3,4";"-"
"33";"P6";"14253";"164";"728";"324";"543";"3,24";"3,37";"-"
"34";"P6";"15005";"751";"611";"725";"546";"3,22";"3,13";"-"
"35";"P6";"15639";"634";"564";"1104";"532";"3,56";"3,42";"-"
"36";"P6";"16226";"587";"141";"1372";"494";"3,5";"3,21";"-"
"37";"P6";"16390";"164";"211";"425";"610";"3,27";"3,32";"-"
"38";"P6";"16625";"235";"493";"385";"612";"0";"3,29";"-"
"39";"P6";"17141";"517";"798";"890";"600";"3,37";"3,27";"-"
"40";"P6";"17963";"822";"1010";"1246";"584";"3,32";"3,26";"-"
"41";"P6";"18996";"1033";"376";"1500";"557";"3,26";"3,03";"-"
"42";"P6";"19419";"423";"564";"359";"676";"2,9";"3,05";"-"
"43";"P6";"20006";"587";"657";"627";"670";"3,18";"3,05";"-"
"44";"P6";"20687";"681";"775";"1008";"667";"3,37";"3,32";"-"
"45";"P6";"21485";"798";"845";"1362";"643";"3,3";"3,16";"-"
"46";"P6";"22378";"892";"939";"411";"734";"3,14";"3,18";"-"
"47";"P6";"23340";"963";"540";"750";"736";"3,13";"3,03";"-"
"48";"P6";"23904";"564";"798";"1131";"727";"3,29";"3,24";"-"
"49";"P6";"24726";"822";"235";"1388";"722";"3,02";"3,13";"-"
"50";"P6";"24984";"258";"164";"449";"799";"3";"2,98";"-"
"51";"P6";"25172";"188";"540";"390";"818";"3,16";"3,08";"-"
"52";"P6";"25736";"564";"540";"860";"792";"3,18";"3,1";"-"
"53";"P6";"26299";"564";"1010";"1202";"792";"3,35";"3,13";"-"
"54";"P6";"27356";"1057";"376";"706";"358";"0";"3,21";"-"
"1";"P9a";"0";"0";"399";"411";"183";"3,48";"3,08";"-"
"2";"P9a";"423";"423";"399";"347";"167";"3,61";"3,32";"-"
"3";"P9a";"986";"564";"282";"526";"210";"3,4";"3,02";"-"
"4";"P9a";"1291";"305";"493";"763";"136";"3,8";"3,34";"-"
"5";"P9a";"1808";"517";"164";"1156";"278";"3,8";"3,26";"-"
"6";"P9a";"1996";"188";"939";"1295";"130";"3,85";"3,27";"-"
"7";"P9a";"3076";"1080";"775";"270";"236";"3,66";"3,3";"-"
"8";"P9a";"3874";"798";"141";"542";"265";"3,91";"3,48";"-"
"9";"P9a";"4156";"282";"305";"615";"324";"3,72";"3,19";"-"
"10";"P9a";"4485";"329";"540";"782";"223";"3,9";"3,38";"-"
"11";"P9a";"5213";"728";"470";"1012";"218";"3,74";"3,34";"-"
"12";"P9a";"5706";"493";"188";"1278";"215";"3,85";"3,26";"-"
"13";"P9a";"6082";"376";"376";"1319";"258";"3,71";"3,22";"-"
"14";"P9a";"6481";"399";"211";"1472";"187";"3,59";"3,03";"-"
"15";"P9a";"6833";"352";"986";"323";"308";"3,45";"3,16";"-"
"16";"P9a";"7843";"1010";"188";"588";"307";"3,66";"3,21";"-"
"17";"P9a";"8172";"329";"211";"764";"376";"0";"3,24";"-"
"18";"P9a";"8406";"235";"423";"1039";"298";"3,83";"3,34";"-"
"19";"P9a";"8852";"446";"141";"1224";"366";"3,53";"3,08";"-"
"20";"P9a";"9134";"282";"164";"1328";"347";"3,51";"2,97";"-"
"21";"P9a";"9322";"188";"376";"1529";"273";"3,56";"3,06";"-"
"22";"P9a";"9886";"564";"1245";"306";"365";"3,45";"3,26";"-"
"23";"P9a";"11154";"1268";"117";"564";"422";"3,64";"3,11";"-"
"24";"P9a";"11412";"258";"188";"667";"466";"3,53";"3,05";"-"
"25";"P9a";"11623";"211";"470";"886";"364";"3,67";"3,24";"-"
"26";"P9a";"12281";"657";"329";"1204";"407";"3,42";"3";"-"
"27";"P9a";"12633";"352";"1033";"1458";"334";"3,51";"3,03";"-"
"28";"P9a";"13854";"1221";"329";"278";"490";"3,42";"3,1";"-"
"29";"P9a";"14206";"352";"470";"556";"432";"3,56";"3,26";"-"
"30";"P9a";"14699";"493";"540";"1024";"438";"3,5";"3,11";"-"
"31";"P9a";"15263";"564";"235";"1322";"539";"3,32";"2,9";"-"
"32";"P9a";"15521";"258";"798";"1523";"428";"3,32";"2,82";"-"
"33";"P9a";"16460";"939";"258";"275";"575";"3,42";"3,21";"-"
"34";"P9a";"16742";"282";"611";"363";"512";"3,67";"3,18";"-"
"35";"P9a";"17494";"751";"141";"573";"581";"3,72";"0";"-"
"36";"P9a";"17658";"164";"751";"476";"509";"3,67";"3,19";"-"
"37";"P9a";"18574";"916";"423";"758";"538";"3,63";"3,16";"-"
"38";"P9a";"19020";"446";"1104";"970";"550";"3,61";"3,18";"-"
"39";"P9a";"20147";"1127";"517";"1314";"500";"3,74";"3,21";"-"
"40";"P9a";"20828";"681";"728";"256";"595";"3,35";"3,14";"-"
"41";"P9a";"21579";"751";"775";"602";"566";"3,22";"2,98";"-"
"42";"P9a";"22378";"798";"141";"988";"582";"3,61";"3,21";"-"
"43";"P9a";"22659";"282";"517";"1171";"628";"3,75";"3,21";"-"
"44";"P9a";"23200";"540";"916";"1436";"578";"3,59";"3,16";"-"
"45";"P9a";"24233";"1033";"117";"299";"760";"0";"3,43";"-"
"46";"P9a";"24374";"141";"470";"286";"624";"3,75";"3,45";"-"
"47";"P9a";"24867";"493";"188";"389";"865";"3,5";"3,19";"-"
"48";"P9a";"25078";"211";"728";"437";"615";"3,58";"3,26";"-"
"49";"P9a";"25829";"751";"916";"774";"630";"3,53";"3,08";"-"
"50";"P9a";"26769";"939";"634";"934";"652";"3,61";"3,22";"-"
"51";"P9a";"27426";"657";"470";"1237";"633";"3,72";"3,24";"-"
"52";"P9a";"28154";"728";"1010";"1456";"608";"5,36";"2,86";"-"
"53";"P9a";"29352";"1198";"235";"233";"751";"3,05";"2,95";"-"
"54";"P9a";"29610";"258";"775";"472";"680";"3,24";"3,05";"-"
"55";"P9a";"30573";"963";"493";"842";"682";"3,55";"3,03";"-"
"56";"P9a";"31089";"517";"564";"1330";"721";"3,66";"3,06";"-"
"57";"P9a";"31841";"751";"423";"263";"798";"3,27";"3,02";"-"
"58";"P9a";"32287";"446";"634";"561";"733";"3,48";"3,11";"-"
"59";"P9a";"33156";"869";"681";"903";"720";"3,55";"3,18";"-"
"60";"P9a";"33860";"704";"141";"1164";"798";"3,55";"3,02";"-"
"61";"P9a";"34471";"611";"423";"1356";"782";"3,42";"2,97";"-"
